10,269
10,119
10,257
10,299
10,261
10,191
10,185
10,291
11,24
11,14
11,11
11,5
9,5
8,13
8,5
8,10
8,7
8,14
8,8
240,4
240,3
240,2
240,1
240,0
239,4
239,3
239,2
239,1
239,0
238,3
238,2
238,1
238,0
237,3
237,2
237,1
237,0
20,3
20,2
20,1
19,3
19,2
19,1
18,3
18,1
14,3
14,1
13,3
13,1
12,3
12,2
12,1
11,26
11,25
11,19
11,17
11,12
11,6
11,4
11,3
11,2
11,1
10,258
10,168
10,154
10,132
10,80
10,34
10,26
10,16
10,3
10,2
10,1
9,7
9,6
9,4
9,3
9,2
9,1
8,16
8,12
8,9
8,6
8,4
8,3
8,2
8,1
3,3
3,2
3,1
2,3
2,2
2,1
0,273
0,270
0,0
242,34
242,33
242,32
242,31
242,30
242,29
242,28
242,27
242,26
242,25
242,24
